Gamma= 9.999999999999999e-05
alpha= 0.17416666666666666
sigma= 0.12468827930174564
sigma2= 0.006234413965087282
delta_0= 0.5
p= 0.007071067811865476
----------------------
delta= 0.5
chi_2= 1.0
chi_3= 0.01
sigma= 0.25
gamma_U= 9.999999999999999e-05
gamma_V= 9.999999999999999e-05
gamma_C= 0.05
g= 0.005